60 96
73
33 14 0 0
25 15 33 0
16 18 33 71
21 12 0 14
12 18 48 15
34 6 0 32
14 13 34 33
25 7 3 38
9 18 48 33
12 13 21 14
23 6 25 46
10 12 50 51
10 12 36 15
16 7 0 83
12 9 19 52
21 5 6 27
14 7 3 45
6 15 24 61
5 18 13 56
10 9 3 52
14 6 33 89
14 6 0 90
16 5 31 52
16 5 43 63
6 13 49 68
11 7 32 57
8 9 16 79
14 5 0 78
13 5 0 61
21 3 0 74
6 9 27 86
6 9 49 81
3 18 0 38
16 3 33 68
12 4 36 27
6 7 28 38
6 7 18 67
4 10 55 75
13 3 0 66
6 6 0 26
6 6 19 45
12 3 0 69
12 3 21 76
5 7 55 68
7 5 43 57
5 7 55 85
6 5 27 27
6 5 18 61
3 9 33 15
3 9 57 41
5 5 16 88
2 12 58 0
8 3 24 79
11 2 34 31
7 3 24 82
3 7 33 24
3 7 30 64
2 10 46 15
2 9 17 45
2 9 25 85
4 4 13 52
3 5 57 34
4 3 21 88
6 2 36 64
6 2 33 66
3 2 45 31
3 2 57 39
6 1 6 26
3 2 47 52
2 3 58 12
4 1 12 26
3 1 16 26
2 1 46 25
